0.233741
0.365659
0.172003
-0.368971
-0.424652
-0.206222
-0.280654
0.082393
0.097859
0.154327
-0.265449
0.037150
0.055122
-0.236779
0.101622
0.025273
0.343605
0.274715
-0.020542
0.270995
-0.016640
-0.249504
0.598758
0.460756
0.197105
0.102121
-0.055213
-0.643649
-0.138786
-0.173027
0.251266
0.234224
0.733237
-0.418167
-0.142693
0.012840
-0.231389
0.378140
-0.449161
-0.090035
-0.409619
0.019827
-0.188374
0.150640
-0.224600
0.305873
-0.133479
-0.408009
0.151476
0.416287
-0.140661
-0.017273
0.119174
-0.206711
0.004157
-0.147355
0.066310
-0.276025
0.363541
-0.164303
0.240874
0.334477
0.356118
-0.275147
0.365441
0.300666
0.285156
-0.445276
0.366635
-0.177176
-0.081346
-0.229466
0.205676
-0.150768
0.626384
0.081629
0.458006
0.593537
0.137383
0.397867
0.128598
