-0.873987
-0.379695
0.958733
-1.379332
1.023991
-0.678626
0.396037
0.814910
-1.927426
-1.861625
1.076703
-1.042881
1.262716
-0.220708
1.296726
0.958178
0.315790
-0.753228
-1.867876
1.358466
1.253093
0.255702
1.276625
-0.966666
-1.382676
-0.609053
1.399848
1.262565
-1.203008
-0.584807
-1.242649
-0.136846
0.581670
0.001239
-0.091900
0.523304
-0.916422
-0.622209
0.153391
-0.635779
-0.240386
-0.018008
0.363113
2.110630
-0.899550
-1.332748
-0.689150
-1.005927
0.768864
-1.724256
-1.714187
0.365500
0.366971
0.764976
0.782195
-0.215705
-1.006551
0.689870
0.167526
0.008831
-0.684750
1.148749
0.372535
2.170312
-0.143898
-1.409975
0.710272
0.206975
-1.448505
-0.290445
1.612225
0.282024
-1.427564
-0.101281
-0.074525
-0.057193
1.332760
-0.930877
0.403508
0.262376
-0.491672
0.516322
-0.645245
0.593155
-0.250168
0.136484
1.833470
0.556896
-1.668688
0.169553
-0.102426
0.008424
-1.643853
0.488845
-0.179518
1.663917
-0.364431
0.123300
-0.733321
-2.161662
-0.336107
-0.216204
0.029668
-1.640298
1.074161
-0.184849
1.101312
0.877328
0.395468
-1.002787
-0.403070
1.070829
-1.952440
1.344321
-0.136392
1.194845
-1.851849
0.717537
0.703453
0.114909
0.171675
0.781486
-0.999953
-0.237718
-0.756797
0.104549
-0.757543
0.690956
0.768572
0.164607
-0.903768
-1.825800
-1.349462
1.287499
-0.926038
1.608011
-0.039585
-0.925103
-0.770180
0.838731
0.146605
-0.830574
-0.083610
-0.436696
0.774579
-0.243298
-0.388935
0.509993
-0.482848
0.966029
1.024678
-0.558719
1.081859
1.819295
-0.110681
-1.864001
-0.409149
-1.787498
0.690166
0.230009
0.066912
-0.703337
-1.001503
1.468527
-0.952860
0.377108
0.842329
0.160581
0.211487
-0.025183
-0.552675
-0.636726
0.944371
-2.810347
0.233532
0.047818
0.850500
-0.855596
1.618211
-0.819350
-0.441115
0.483151
0.712570
-0.445855
0.213815
-0.595967
-2.172069
-1.274425
0.927619
-1.566842
-0.518914
-0.576760
-1.151398
-1.616493
-0.454861
-1.265210
0.873684
-0.726406
-0.333972
0.445697
0.658481
1.294206
-0.331601
-1.134426
0.880708
0.726232
0.398246
-0.752613
0.194686
-0.807547
1.189371
0.787001
-0.777010
-1.094563
1.371771
0.741332
-0.461666
-0.700517
0.051782
0.870838
0.133633
0.039695
-0.629076
-0.678740
0.354007
-0.448166
-0.014711
-0.620770
-0.251437
-1.284631
0.853624
0.040759
-0.754627
-1.034066
-0.088472
1.382319
-1.331083
-0.936590
-0.969735
1.210961
1.065864
-1.196631
0.572016
-1.572335
-1.452226
0.351764
0.995770
-0.820806
0.913402
0.955050
-0.207130
-2.413432
0.036269
1.226350
-0.644425
-0.129821
-0.971467
0.513577
1.340088
0.705807
0.748435
1.283731
1.425759
-0.042530
-1.858286
-1.270091
-1.374481
-0.950879
1.056514
0.961489
-0.359046
-0.071767
0.353820
0.375794
0.058871
1.295908
-1.317868
-0.926637
-0.919650
-0.464250
-1.022188
-0.984650
-0.196691
-1.098470
0.658724
-0.037890
-0.833916
0.368622
-0.679926
1.834337
0.122348
0.049625
-0.449841
-0.693742
-0.886634
0.570466
0.013299
1.415245
-1.913557
-0.871793
0.216050
-0.848867
0.543536
1.240702
0.162615
-1.410717
-0.120807
-0.824025
-0.539527
-0.879238
0.609755
-0.666568
-0.559986
-1.486472
2.376797
-1.881148
0.750466
0.275345
0.928318
-0.886748
1.211258
-0.429599
2.348922
-0.334647
0.204208
-1.269798
-1.208723
-0.997641
-0.948306
-0.794426
0.164204
1.422366
-0.835931
-1.600071
0.255357
1.294264
-1.035684
-1.125895
0.525593
-1.055130
0.253403
-1.098980
-2.273830
0.074900
-1.037696
1.927572
1.311187
-0.357305
-0.806516
0.699867
-0.438377
-0.396608
0.859701
0.053983
0.810399
-0.719434
1.011893
-2.502405
1.029961
0.862445
0.947814
-0.439674
0.054634
0.608509
-0.494805
-0.658648
-0.828703
0.185631
0.308809
0.570242
0.263915
-0.612365
0.227083
-0.420007
-1.050769
-0.446875
-0.866001
1.009259
0.098921
0.910851
0.660422
-1.073769
-0.953795
-0.445752
0.790360
-0.038378
-1.444104
0.149555
-0.396043
1.398074
1.056210
-0.910773
-0.030314
-0.424663
-1.021754
1.468317
1.445801
-1.020307
-2.098901
0.330359
-0.531837
0.429454
0.872692
-1.253973
0.633559
2.083253
-1.671998
-1.947164
1.272054
0.032863
-0.548824
-1.075497
1.698909
1.164290
-2.513104
-0.557947
1.674384
0.589204
0.530226
-2.170524
-0.868095
0.218125
-1.278373
0.239079
-1.024774
-1.595144
-0.384872
-1.475074
0.108424
0.798997
0.845894
1.175878
-0.563564
-0.121570
-0.045149
-0.444383
-0.600428
-0.542732
-0.584803
-1.220443
-0.802184
0.393221
-0.398428
-0.881569
-0.879762
0.396899
0.219379
1.030312
-1.648982
-1.471720
-1.305626
-0.506241
-0.206980
-0.671157
1.094457
-0.529997
0.656409
-0.344941
-0.944231
-0.590075
0.660289
-0.789002
-0.836803
-1.678394
1.462570
-1.860654
-0.159016
-0.566156
0.855259
1.009514
-0.197601
-0.742290
-0.025045
-1.121951
-1.114082
-0.174139
1.208489
0.977668
-1.389055
-0.752057
0.681812
-0.352797
-0.271612
-0.286924
-0.353560
-1.471304
0.760334
-0.510105
-1.089358
-0.418936
-0.914189
-0.817571
-0.185563
-1.106896
-0.678815
0.432889
0.237287
-0.116512
-0.442803
-0.218314
-0.879085
0.908169
0.001514
0.479721
-0.869685
-0.015860
-0.799186
-1.329329
-0.215347
-0.715456
-1.324246
-0.255902
-2.076189
0.573961
-0.160713
0.745305
0.371607
-0.414157
1.544098
-0.203934
0.948288
-1.685093
-0.578514
-0.973585
-0.994662
0.709875
0.316285
1.994939
0.467149
-1.563948
0.392408
0.191870
-1.504098
-0.872923
-0.116345
-1.051587
1.599971
-1.197943
-0.896037
-0.317470
-0.043501
0.032942
-0.438420
0.618547
0.444242
-0.999543
1.152925
-1.375785
-0.167192
0.175240
0.744947
-1.090404
-0.579091
0.202809
-0.492427
1.092842
-1.192927
-0.479265
1.342982
-1.444500
-0.327675
-1.264438
0.749386
0.006090
-0.618169
-1.329817
0.368430
0.397315
0.330733
0.861197
0.170183
-0.519951
-1.361713
-0.854699
-1.225520
-0.295289
-1.852645
1.174668
0.030238
1.812237
-0.186736
-0.020921
0.698560
0.963840
0.529193
-0.051340
0.542814
0.906804
-1.218427
0.268710
-0.031849
1.312676
-0.910568
-0.972660
-1.154591
-0.111505
-0.212409
-0.192853
0.106385
0.193228
-0.417466
-1.202486
-0.714210
0.365460
0.409720
-2.539593
-0.929329
1.006778
-0.180630
0.749180
-0.199344
-0.320627
-2.069128
0.019022
-0.945516
0.411388
-0.824801
-1.244768
0.285468
0.736532
0.780279
0.095965
-0.338326
-0.551135
1.518488
0.161067
0.952081
-0.178930
-2.065801
-1.938062
-1.413483
0.077769
-0.056390
-0.734161
0.754310
-0.000611
-0.350643
0.915849
0.106028
-1.234986
0.807247
0.211991
-0.897246
2.258095
-0.051651
-0.692248
-0.537797
1.063704
-0.072217
-1.655076
0.324324
-0.403116
-0.541746
1.156924
-1.079086
0.989563
-0.324424
-0.712626
-1.295636
-0.678357
-0.656327
-0.239532
0.754424
0.973485
0.002747
-0.163968
-0.252513
0.615224
0.626914
-0.575116
0.489229
0.048520
-0.566798
-0.566787
-1.696510
-0.604877
1.104396
0.587946
2.306076
-0.396469
-0.542255
-0.555287
0.591803
-1.045510
-1.709866
-0.963523
-1.344144
0.637223
0.163005
0.540650
0.871056
-0.332915
1.246378
1.046518
-2.313150
0.118358
0.072951
1.038719
-2.110596
0.139545
1.075347
-1.174467
-0.783059
-0.883189
-0.618525
-0.270902
0.174636
-1.016065
-1.681834
-0.532405
0.672587
0.375864
0.198508
-0.192948
0.696476
0.297280
-1.217911
1.075908
-0.942476
0.734905
0.005902
-1.324021
-0.703647
0.306602
0.718910
-1.943908
-0.718042
0.084222
0.363659
1.454234
-1.208107
0.473787
0.756228
-1.472159
-0.838725
-0.662175
-0.170975
0.008396
-0.609334
0.288784
1.066600
0.824577
-1.237425
0.864855
1.282372
1.460919
-1.891889
-0.615828
1.331874
-1.606471
-0.410177
0.130090
-0.287912
-0.896201
0.799062
-0.782713
-0.946334
0.093499
0.966035
-1.476746
-0.194941
1.841646
-1.513217
-0.730979
0.700849
-1.576759
-0.799797
-0.122013
-0.136018
0.151360
-0.222158
-0.065217
-0.774456
-1.051493
-0.646900
-0.459137
-0.573591
1.724454
-0.787114
-0.964331
0.459129
1.812948
1.255355
0.098006
-1.619862
0.915802
-2.353565
0.778439
-2.537662
0.821428
-0.932950
0.188336
1.041859
-0.051708
-0.415422
0.231807
-1.170290
-0.054938
-1.774934
0.577836
-0.421262
-1.449126
-0.462713
0.319193
-0.140097
0.313125
0.594690
-1.011581
-0.574713
-2.098413
